0029.248,     0054.712,    063.4875,      000060.36185, 0071.184
    15.498683,      00000081.333,      00000085.63,      81.274148,  0000034.852
0000098.7902,  000053.19116,   00082.616, 0002.920715,      61.70167
   058.7478,     014.9732352,0080.29576, 00000078.881,  0003.35492
      34.82213868,      00000019.062,   000060.8323,  02.584365,    0.4114677
0059.6127394,    0051.638,  28.965474, 014.727769,      0000080.564
  30.53390857,      0000044.9468,09.6356425,    10.640493,      00000015.4
      0072.5878, 000000067.85,   85.91801484,     00056.3901,   0093.16794
 033.63651, 019.11774, 000084.015,    00093.683019,     0000071.2494
   00000081.906,  62.76348104,   009.13437814,     00083.7742,  0079.7693
      000073.22775,     69.62243859,      0017.6615803,      0006.5658419,00063.49289
     000069.92191, 0001.994044,     0000017.177,  37.209497,      0055.3748
      0097.66609, 00.36383384,064.020449,     00070.008797, 00036.441883
 017.005183,     00090.1431,    22.657061,042.8483523,10.39793228
     95.642698,      00000010.912,85.8310316,000072.1229,0000051.827
  56.383499,     0082.6643682,  48.40857604,  025.369639, 081.468669
   07.09147218,  19.56195719,      000090.335,    0019.712293,   42.70053581
  60.36154717, 2.11282462, 41.895345,00063.4121,      089.6043566
     0003.47899, 0046.479791,    22.95054013,  79.57166784,    19.96366242
     00079.171,   57.902714,016.1112488, 097.9255,    00078.9887
   000095.31763,    51.044162,    00058.283094,  2.4512887, 93.15173386
     000052.3925,    007.05263643,   013.83818194,    77.858173, 0000091.7007
   097.9842144,    68.4517433,00099.877,00033.0369,  53.3851597
      0011.705,  00064.236115,      00000093.989,     0098.8381988,      32.98245308
   0097.74596, 00000066.889,    0046.3410098,  21.08554881,     024.7106674
 96.42383551,  00000021.49,    0001.24136,   5.88936799,     000046.5538
     22.95053068,0036.680545,      75.18664182,   0080.33056,  000091.2026
  0091.2746, 0067.223,    079.13826129,    36.0601202,  90.6923649
 75.88173955,     00010.544,   00029.73854, 37.7932717,    34.94855746
11.074407,0000046.497,  015.87359808, 0065.868141,   26.05965
    6.993558159,94.80519,    085.60712,     0016.678,   0036.562754
0000047.641,48.2583188,     0000058.659,   00000049.776,    00000049.097
039.70529297,   011.1193,   000027.7979, 00040.791,      68.63072607
00014.61659, 81.55345, 00068.63835,   96.5357542,  000039.351
    000026.25171,    75.20888,     75.68229686,   98.71507314,     0025.664137
     61.8476258,  055.29411, 016.8819,    00095.484,      000029.956
      068.795067,   00000058.518,    0019.10349,025.7727,    000012.034
      00003.14393,   00020.2086,   0030.214178,    00032.76119,     26.372049
      05.88207,  039.16088,      11.80510811,00057.141695,00051.81896
   68.62267397,     22.2757015,   0000037.0591,      0000062.895,     0000096.2756
  00015.7291,      002.6242938, 0000054.537,   70.443694,     0000055.7279
038.63535,15.995788,33.9547666,      044.56185142,   036.653207
 51.6822289,22.86992,      00074.518623,    00014.416955,  029.270156
  065.5871,0020.71013,   091.274346,021.97216,     00013.409582
     00058.73004,     25.84497,     000027.47305,   64.65063201,     079.4645
052.28348,    91.2121246,  00000092.426,      0039.98198,   099.7244052
00095.3103,   96.563717,   44.57668955,    000031.55798,  087.1341938
 00071.229,      0099.2648,   91.873122,      25.781406,   21.1427538
    0002.879844,     00097.411322,     000074.1665,     0000099.8387,  00057.878
    00072.7948,    0034.7913, 081.826324,     00009.626436, 0084.8982079
      000012.98421,      0038.78547,000022.12207,0000019.062,    0000015.903
      014.30693,5.6305169, 000039.417,   00034.92065,     0073.5282382
021.1083, 0021.4063921,  0028.068,   25.17399708,     11.1043429
    0012.8918,   97.8418841,   0016.264069,   0.59514759,    0013.0146
0025.084863,18.31468665, 000096.2726,71.59844,  000067.43711
     79.74018711,  35.74792545,    000045.9912,    077.12313,   00018.2622
     0000010.211,      5.91525401,75.91995921,   89.94998278,000097.987
    1.1133654,    96.4894863,  098.41235,00054.788432, 00000078.621
      050.57875549,92.2235228,  53.6854911, 039.45927,     94.375188
79.224886,     14.3404953,  55.10229445,    056.0432, 0097.53726
     21.88453127,     058.6039,  00035.5579,    26.2234176,  96.82005056
 00063.854,  03.77048,  000037.44979,     00030.619,     000012.0043
      27.9124986,00033.7519, 0083.8539421,     000061.6258,   00088.772904
      028.8685826,   00000022.213, 0000038.726,  00020.027251,      000047.715
070.77585,     0025.91272,0000082.319,   044.356618,32.229436
  000056.845, 000013.959,      037.31709, 79.785791,39.4976114
      0089.8692064,078.69903,   00094.66,    00097.520295,1.19241032
00028.047289,      092.2041447,    00055.1854, 000071.77911,  84.2221203
  0025.73638,  00026.594,2.064897771,    000095.0479,      10.00081475
    82.955804,   5.187739343,    61.08678841,13.25611,  00018.58982
   027.68714176,  029.09431,      00007.3966, 0086.6418814, 070.326546
    29.88459409,  000024.0741,      0069.9027,  000091.7314,      00077.9214
    01.11465,    69.22739521, 0061.5687555,0092.024,  011.95193
     79.294249,    00000024.177,      38.10159,  68.11873983, 042.6356
  093.1455,     00096.370774,      000036.112,   56.9410065,     0000083.9659
   91.037311, 00030.958, 073.71387,     000059.22557,  000046.2594
      0081.8150019,  94.03652586,55.37818883,   000064.212,   9.16668674
1.69180769,    018.848905,    015.3449546,    029.2242, 61.31675645
  66.494956,    86.0306382,  0014.25981,    0051.9263,   45.3797968
 0074.640346,  000020.72,31.32204375,  6.757117323,     00022.19087
   1.639879659,    0053.9801418, 0011.898,  050.5722,51.3170261
     069.8216335,    0082.775,   96.7765303,      000004.3592,0037.9288933
087.0545758,    39.5613322,  00093.3432,   43.0259943, 000047.791
      00053.21252,    039.024483,      16.15081221,  0051.86876,    86.3637029
     0080.9185,    027.394192,      68.304697,  0099.139,      0000096.0839
  0007.6855709,   63.06900351,  000024.127, 0045.550187,   0057.2343342
   28.302155,     17.613784,   00033.38258,      000017.2259,     40.20807341
   034.7239388, 090.23533,      026.54480085,  7.113367, 085.51322
  000079.83436,    000050.14547,    052.0944012,    00024.543, 000082.4883
     00013.55179, 0047.95948,     030.64104, 000055.93328, 0000088.8355
   6.68056069,  3.834335153,000054.7281, 0086.7365, 03.53496628
00059.293,  0056.951,  37.5221414, 00024.999915, 00001.6988
    00072.2523,  000086.28917,      050.9861602,  51.67802,  00048.14
 072.407295,    0.9412193303,  50.13854031,     000021.3204, 00067.8051
   0087.92183,      0079.953,    00019.4537,      0072.2000418,74.13534854
 0096.13856,   00071.35458,    83.00510581,089.8893,      64.32751873
   26.87700724,      0072.63569,     000080.992,   16.64507758,      00093.42212
00090.8419,14.535909, 0082.6782,   97.3251461,      0008.283079
    09.22289,     34.8361691,00067.540647,   0.506925699,     00001.79868
     00027.43946,  97.98933529,  095.79204,0000040.462,      35.70845659
