# 
# File Created At: Tue Apr 29 13:15:51 PDT 2014
# 
32.985 33.878 36.014 18.344 20.098
34.615 17.287 21.048 18.245 29.828
29.471 29.161 34.564 10.881 35.638
23.277 27.616 34.090 22.426 29.007
19.572 26.327 16.655 18.132 34.059
22.096 11.677 10.912 20.517 16.857
14.610 17.938 28.824 21.367 35.262
22.581 34.635 34.991 24.075 32.599
31.995 29.005 18.280 19.414 23.182
17.258 28.791 25.008 16.599 26.517
25.112 29.571 24.390 33.723 28.545
12.836 27.542 17.640 17.811 23.481
30.527 24.755 34.991 24.948 36.083
15.693 23.536 21.451 27.462 20.414
23.312 18.489 29.086 16.691 14.896
14.535 13.260 15.436 20.927 28.301
28.221 17.122 21.708 16.453 19.182
19.737 31.299 32.600 12.881 14.203
29.086 26.706 16.905 31.872 24.507
33.318 32.335 11.558 23.082 13.498
30.420 34.573 27.239 30.267 14.198
32.215 17.828 29.992 13.119 24.924
23.576 36.088 14.289 33.671 30.148
10.735 27.971 17.542 27.476 18.972
30.582 27.305 24.381 32.671 34.718
31.691 22.529 22.612 31.208 23.635
24.629 19.257 31.679 28.641 33.888
18.793 36.143 18.680 10.783 15.949
33.785 25.682 28.888 16.648 11.388
32.796 17.351 31.121 28.771 32.939
23.763 28.174 14.540 33.532 24.124
30.453 24.775 28.844 19.255 12.996
29.820 26.127 34.167 18.716 26.755
10.782 31.894 13.554 25.737 18.011
21.668 13.584 17.190 21.405 28.158
32.218 30.821 33.574 11.360 22.884
13.313 36.143 33.682 28.763 19.361
16.474 16.050 23.900 27.121 32.587
29.070 33.830 17.670 29.227 21.286
32.252 13.898 29.899 28.261 29.600
30.219 11.495 34.409 22.943 22.393
28.572 33.446 17.808 34.939 34.631
22.668 16.477 19.655 32.687 32.298
28.338 29.722 25.086 17.143 28.747
26.856 20.035 25.236 26.660 28.867
27.226 15.086 15.216 29.525 18.789
11.167 25.588 17.911 22.133 31.228
11.583 13.576 23.686 28.783 17.699
24.256 22.247 10.823 18.204 27.792
34.165 23.241 11.641 15.336 26.692
18.704 33.458 18.455 35.069 11.167
27.777 21.124 35.252 14.869 21.152
12.549 35.538 12.404 19.446 18.792
12.651 11.041 16.932 13.617 25.870
26.817 32.311 20.951 11.966 13.891
27.468 22.823 27.323 31.524 22.205
31.400 18.564 18.377 35.671 13.718
22.458 22.919 17.683 17.452 32.904
26.930 22.794 31.540 27.598 21.525
32.658 29.953 20.177 17.725 23.652
17.335 22.622 14.791 34.028 16.482
11.050 13.559 35.611 31.810 11.784
17.152 35.544 19.361 19.735 30.817
31.706 25.881 31.247 30.152 25.030
12.516 14.534 27.566 25.656 14.685
22.682 29.034 21.114 17.707 30.730
35.483 33.341 20.460 34.388 21.105
20.174 12.388 25.468 34.552 32.260
34.821 27.350 33.842 31.488 25.689
35.885 30.240 22.727 22.909 17.092
34.994 18.327 34.622 31.373 22.012
14.842 13.348 34.711 24.873 12.531
17.133 26.033 19.537 24.351 18.455
31.641 35.585 32.803 15.304 31.437
28.878 30.993 35.600 27.011 22.632
32.087 26.657 10.937 30.739 28.423
13.978 33.621 26.988 12.457 34.011
16.769 28.904 13.761 22.134 16.517
18.970 32.388 21.771 26.376 30.203
17.345 12.421 15.755 33.823 26.038
25.966 23.808 30.561 12.746 28.967
32.999 35.155 22.802 28.593 31.588
14.494 16.106 29.847 28.764 16.519
35.015 24.459 26.344 31.161 17.495
19.543 26.677 18.322 27.771 30.658
12.460 18.515 18.048 19.454 26.582
14.516 33.758 28.024 27.035 28.896
10.783 28.748 16.759 28.723 34.126
26.048 22.596 30.064 23.805 30.711
31.365 25.477 18.423 17.858 32.033
15.655 10.723 32.423 27.647 27.491
24.248 22.937 16.342 29.230 19.224
16.606 24.570 29.176 34.225 25.747
28.482 14.771 11.230 34.781 24.945
27.594 34.147 16.789 25.478 35.621
26.511 14.650 28.834 28.657 36.096
12.214 27.363 15.728 13.841 23.434
25.433 20.836 10.997 24.754 28.080
30.484 24.442 11.319 30.924 12.699
33.940 29.876 35.947 16.905 27.443
